beta: 5
stepsize: 0.10295710529440118
beta: 6
stepsize: 0.091246348693292734
