beta: 5
stepsize: 0.10612744839405544
beta: 6
stepsize: 0.10272916993447123
