beta: 5
stepsize: 0.11293052889672119
beta: 6
stepsize: 0.04991851344096123
