beta: 5
stepsize: 0.033898305084745763 step/traj: 118
beta: 6
stepsize: 0.034188034188034191 step/traj: 117
beta: 7
stepsize: 0.033057851239669422 step/traj: 121
