beta: 5
stepsize: 0.02247191011235955 step/traj: 178
beta: 6
stepsize: 0.022988505747126436 step/traj: 174
beta: 7
stepsize: 0.02185792349726776 step/traj: 183
