beta: 5
stepsize: 0.075471698113207544 step/traj: 53
beta: 6
stepsize: 0.0784313725490196 step/traj: 51
beta: 7
stepsize: 0.0784313725490196 step/traj: 51
