beta: 5
stepsize: 0.051948051948051951 step/traj: 77
beta: 6
stepsize: 0.049382716049382713 step/traj: 81
beta: 7
stepsize: 0.05128205128205128 step/traj: 78
