
# File: ../s_nthmc_l66_fixBV_l64_b5.log
beta: 5.3173828125
nconf: 1024
blocksize: 32
accept: 0.795135 +/- 0.00231186
