
# File: ../s_nthmc_l70_fixBV_l64_b5.log
beta: 5.9814453125
nconf: 1024
blocksize: 32
accept: 0.813507 +/- 0.00226257
