beta: 4
stepsize: 0.21052631578947367 step/traj: 19
beta: 5
stepsize: 0.21052631578947367 step/traj: 19
beta: 6
stepsize: 0.2 step/traj: 20
beta: 7
stepsize: 0.19047619047619047 step/traj: 21
