
# File: ../s_nthmc_l64_b6_step1e-5_p7o16_8cn6_8cn8.log
beta: 5
nconf: 1024
blocksize: 32
accept: 0.800873 +/- 0.00204327
beta: 6
nconf: 1024
blocksize: 32
accept: 0.79126 +/- 0.00196784
beta: 7
nconf: 1024
blocksize: 32
accept: 0.831329 +/- 0.00255765
