beta: 8.4609375
stepsize: 0.16666666666666666 step/traj: 24
