beta: 5.3173828125
stepsize: 0.18181818181818182 step/traj: 22
