beta: 4
stepsize: 0.21052631578947367 step/traj: 19
beta: 5
stepsize: 0.22222222222222221 step/traj: 18
beta: 6
stepsize: 0.22222222222222221 step/traj: 18
beta: 7
stepsize: 0.21052631578947367 step/traj: 19
