beta: 6.7734375
stepsize: 0.12121212121212122 step/traj: 33
