
# File: ../s_nthmc_l68_fixBV_l64_b5.log
beta: 5.64453125
nconf: 1024
blocksize: 32
accept: 0.798431 +/- 0.00251773
