beta: 5.64453125
stepsize: 0.19047619047619047 step/traj: 21
