
# File: ../s_nthmc_l72_fixBV_l64_b5.log
beta: 6.328125
nconf: 1024
blocksize: 32
accept: 0.804718 +/- 0.00224594
