
# File: ../s_nthmc_l64_b4_lr5e-4_cni10.log
beta: 4
nconf: 1024
blocksize: 32
accept: 0.770172 +/- 0.00285376
beta: 5
nconf: 1024
blocksize: 32
accept: 0.839355 +/- 0.00224573
beta: 6
nconf: 1024
blocksize: 32
accept: 0.807007 +/- 0.00244917
beta: 7
nconf: 1024
blocksize: 32
accept: 0.800903 +/- 0.00247494
