
# File: ../s_nthmc_l64_b4_lr5e-4.log
beta: 4
nconf: 1024
blocksize: 32
accept: 0.808167 +/- 0.00191883
beta: 5
nconf: 1024
blocksize: 32
accept: 0.790802 +/- 0.00216764
beta: 6
nconf: 1024
blocksize: 32
accept: 0.820099 +/- 0.00222584
beta: 7
nconf: 1024
blocksize: 32
accept: 0.791931 +/- 0.00192583
