beta: 5.9814453125
stepsize: 0.19047619047619047 step/traj: 21
