
# File: ../s_nthmc_l74_fixBV_l64_b6.log
beta: 8.021484375
nconf: 1024
blocksize: 32
accept: 0.818024 +/- 0.00224085
