beta: 7.177734375
stepsize: 0.14814814814814814 step/traj: 27
