
# File: ../s_nthmc_l76_fixBV_l64_b6.log
beta: 8.4609375
nconf: 1024
blocksize: 32
accept: 0.815491 +/- 0.00207528
