
# File: ../t_force_b25_0s1.log
beta: 3
nconf: 1024
blocksize: 32
accept: 0.931786 +/- 0.000630291
beta: 4
nconf: 1024
blocksize: 32
accept: 0.946838 +/- 0.000765711
beta: 5
nconf: 1024
blocksize: 32
accept: 0.937752 +/- 0.000820814
beta: 6
nconf: 1024
blocksize: 32
accept: 0.160133 +/- 0.00132327
