
# File: ../t_force_b25_0s0.log
beta: 3
nconf: 1024
blocksize: 32
accept: 0.932228 +/- 0.000658361
beta: 4
nconf: 1024
blocksize: 32
accept: 0.941902 +/- 0.000678994
beta: 5
nconf: 1024
blocksize: 32
accept: 0.937996 +/- 0.000721469
beta: 6
nconf: 1024
blocksize: 32
accept: 0.0244522 +/- 0.000597528
