
# File: ../t_force_b25_0s6a_t2.log
beta: 3
nconf: 1024
blocksize: 32
accept: 0.990234 +/- 0.00230029
beta: 4
nconf: 1024
blocksize: 32
accept: 0.990723 +/- 0.00208824
beta: 5
nconf: 1024
blocksize: 32
accept: 0.990723 +/- 0.00220295
beta: 6
nconf: 1024
blocksize: 32
accept: 0.98877 +/- 0.00201324
