
# File: ../t_force_b25_0s3.log
beta: 3
nconf: 1024
blocksize: 32
accept: 0.846924 +/- 0.00216242
beta: 4
nconf: 1024
blocksize: 32
accept: 0.9245 +/- 0.00168772
beta: 5
nconf: 1024
blocksize: 32
accept: 0.755066 +/- 0.00286882
beta: 6
nconf: 1024
blocksize: 32
accept: 0.679291 +/- 0.00426302
