
# File: ../t_force_b25_0s4a.log
beta: 3
nconf: 1024
blocksize: 32
accept: 0.860107 +/- 0.00433351
beta: 4
nconf: 1024
blocksize: 32
accept: 0.965698 +/- 0.00181205
beta: 5
nconf: 1024
blocksize: 32
accept: 0.963501 +/- 0.00205752
beta: 6
nconf: 1024
blocksize: 32
accept: 0.967407 +/- 0.0023375
