
# File: ../t_force_b25_0s4.log
beta: 3
nconf: 1024
blocksize: 32
accept: 0.859009 +/- 0.0045884
beta: 4
nconf: 1024
blocksize: 32
accept: 0.966675 +/- 0.00147775
beta: 5
nconf: 1024
blocksize: 32
accept: 0.845337 +/- 0.00471244
beta: 6
nconf: 1024
blocksize: 32
accept: 0.818359 +/- 0.00482259
