
# File: ../t_force_b25_0s4a_t2.log
beta: 3
nconf: 1024
blocksize: 32
accept: 0.860107 +/- 0.00455164
beta: 4
nconf: 1024
blocksize: 32
accept: 0.966797 +/- 0.00166395
beta: 5
nconf: 1024
blocksize: 32
accept: 0.964233 +/- 0.00206125
beta: 6
nconf: 1024
blocksize: 32
accept: 0.964844 +/- 0.00247426
