
# File: ../t_force_b25_0s0ac.log
beta: 3
nconf: 1024
blocksize: 32
accept: 0.921265 +/- 0.000820558
beta: 4
nconf: 1024
blocksize: 32
accept: 0.922134 +/- 0.000872992
beta: 5
nconf: 1024
blocksize: 32
accept: 0.914841 +/- 0.000721964
beta: 6
nconf: 1024
blocksize: 32
accept: 0.895744 +/- 0.000906391
